# Day libxc c python test doc
732239 0 0 1 0 0
732240 0 0 1 0 0
732241 0 4166 11307 1027 0
732242 0 4166 11307 1027 0
732243 0 4166 11307 1027 0
732244 0 4166 11303 1027 0
732245 0 4178 11307 1027 0
732246 0 4193 11362 1047 0
732247 0 4193 11565 1088 0
732248 0 4193 11642 1088 0
732249 0 4193 11642 1088 0
732250 0 4193 11642 1088 0
732251 0 4193 11661 1088 0
732252 0 4194 11752 1090 0
732253 0 4194 11748 1099 0
732254 0 4180 11753 1104 0
732255 0 4240 11811 1105 0
732256 0 4242 11815 1105 0
732257 0 4242 11815 1105 0
732258 0 4242 11815 1105 0
732259 0 4242 12118 1165 0
732260 0 4242 12118 1165 0
732261 0 4242 12240 1169 0
732262 0 4242 12240 1169 0
732263 0 4242 12240 1169 0
732264 0 4242 12240 1169 0
732265 0 4242 12240 1169 0
732266 0 4242 12240 1169 0
732267 0 4242 12240 1169 0
732268 0 4242 12240 1169 0
732269 0 4242 12261 1177 0
732270 0 4242 12261 1177 0
732271 0 4242 12261 1177 0
732272 0 4242 12293 1177 0
732273 0 4292 12335 1177 0
732274 0 4296 12352 1177 0
732275 0 4296 12352 1177 0
732276 0 4296 12445 1177 0
732277 0 4296 12445 1177 0
732278 0 4296 12445 1177 0
732279 0 4296 12446 1177 0
732280 0 4364 12488 1185 0
732281 0 4364 12488 1185 0
732282 0 4379 12482 1185 0
732283 0 4379 12482 1185 0
732284 0 4379 12482 1185 0
732285 0 4379 12482 1185 0
732286 0 4379 12486 1185 0
732287 0 4369 13823 1185 0
732288 0 4442 13853 1185 0
732289 0 4442 13853 1185 0
732290 0 4442 13853 1186 0
732291 0 4442 13853 1186 0
732292 0 4442 13853 1186 0
732293 0 4442 13853 1186 0
732294 0 4442 13855 1186 0
732295 0 4442 13860 1186 0
732296 0 4444 13888 1186 0
732297 0 4444 13941 1186 0
732298 0 4444 13941 1186 0
732299 0 4444 13941 1186 0
732300 0 4444 14053 1254 0
732301 0 4444 14053 1254 0
732302 0 4454 14097 1254 0
732303 0 4454 14101 1254 0
732304 0 4454 14101 1254 0
732305 0 4454 14101 1254 0
732306 0 4454 14101 1254 0
732307 0 4454 14101 1254 0
732308 0 4454 14105 1254 0
732309 0 4454 14105 1254 0
732310 0 4454 14105 1254 0
732311 0 4454 14105 1254 0
732312 0 4454 14105 1254 0
732313 0 4454 14105 1254 0
732314 0 4454 14105 1255 0
732315 0 4454 14105 1255 0
732316 0 5242 14248 1298 0
732317 0 5242 14248 1298 0
732318 0 5242 14248 1298 0
732319 0 5242 14248 1298 0
732320 0 5242 14248 1298 0
732321 0 5242 14258 1298 0
732322 0 5244 14316 1336 0
732323 0 5244 14316 1336 0
732324 0 5244 14316 1336 0
732325 0 5244 14343 1336 0
732326 0 5244 14343 1336 0
732327 0 5244 14343 1336 0
732328 0 5244 14343 1336 0
732329 0 5244 14343 1336 0
732330 0 5244 14343 1336 0
732331 0 5244 14343 1336 0
732332 0 5244 14343 1336 0
732333 0 5244 14343 1336 0
732334 0 5244 14343 1336 0
732335 0 5244 14343 1336 0
732336 0 5244 14398 1433 0
732337 0 5244 14398 1433 0
732338 0 5244 14398 1433 0
732339 0 5244 14408 1433 0
732340 0 5244 14408 1433 0
732341 0 5244 14408 1433 0
732342 0 5244 14398 1433 0
732343 0 5244 13183 1433 0
732344 0 5244 13183 1433 0
732345 0 5244 13291 1433 0
732346 0 5244 13258 1468 0
732347 0 5244 13258 1468 0
732348 0 5244 13258 1468 0
732349 0 5244 13260 1468 0
732350 0 5255 13246 1468 0
732351 0 5255 13251 1487 0
732352 0 5255 13270 1487 0
732353 0 5255 13270 1487 0
732354 0 5255 13270 1487 0
732355 0 5255 13270 1487 0
732356 0 5255 13270 1487 0
732357 0 5255 13270 1487 0
732358 0 5255 13525 1551 0
732359 0 5255 13525 1551 0
732360 0 5255 13525 1551 0
732361 0 5255 13525 1551 0
732362 0 5255 13525 1551 0
732363 0 5255 13525 1551 0
732364 0 5255 13525 1551 0
732365 0 5255 13525 1551 0
732366 0 5255 13525 1551 0
732367 0 5971 13522 1551 0
732368 0 5971 13522 1551 0
732369 0 5971 13522 1551 0
732370 0 5971 13522 1551 0
732371 0 5971 13608 1549 0
732372 0 5255 13608 1549 0
732373 0 5255 13608 1549 0
732374 0 5255 13608 1549 0
732375 0 5255 13608 1549 0
732376 0 5255 13608 1549 0
732377 0 5255 13614 1547 0
732378 0 5293 13627 1547 0
732379 0 5293 13627 1547 0
732380 0 5293 13627 1547 0
732381 0 5293 13627 1547 0
732382 0 5293 13627 1547 0
732383 0 5293 13627 1547 0
732384 0 5293 13627 1547 0
732385 0 5293 13627 1547 0
732386 0 5293 13729 1547 0
732387 0 5293 13729 1547 0
732388 0 5297 13751 1547 0
732389 0 5297 13751 1547 0
732390 0 5297 13751 1547 0
732391 0 5297 13751 1547 0
732392 0 5297 13778 1547 0
732393 0 5297 13778 1547 0
732394 0 5297 13778 1547 0
732395 0 5297 13778 1547 0
732396 0 5297 13778 1547 0
732397 0 5297 13778 1547 0
732398 0 5300 13799 1547 0
732399 0 5300 13799 1547 0
732400 0 5334 13806 1547 0
732401 0 5334 14033 1550 0
732402 0 5334 14104 1552 0
732403 0 5334 14111 1552 0
732404 0 5334 14111 1552 0
732405 0 5334 14111 1552 0
732406 0 5334 14111 1552 0
732407 0 5334 14111 1552 0
732408 0 5334 14111 1552 0
732409 0 5334 14111 1552 0
732410 0 5334 14111 1552 0
732411 0 5334 14111 1552 0
732412 0 5334 14111 1552 0
732413 0 5334 14111 1552 0
732414 0 5334 14111 1552 0
732415 0 5334 14111 1552 0
732416 0 5334 14111 1552 0
732417 0 5334 14111 1552 0
732418 0 5334 14111 1552 0
732419 0 5334 14111 1552 0
732420 0 5334 14111 1552 0
732421 0 5334 14111 1552 0
732422 0 5130 14331 1571 0
732423 0 5129 14347 1574 0
732424 0 5129 14347 1574 0
732425 0 5129 14347 1574 0
732426 0 5129 14347 1574 0
732427 0 5129 14347 1574 0
732428 0 5129 14350 1574 0
732429 0 5129 14350 1574 0
732430 0 5129 14341 1576 0
732431 0 5129 14341 1576 0
732432 0 5129 14341 1576 0
732433 0 5129 14341 1576 0
732434 0 5129 14342 1576 0
732435 0 5129 14342 1576 0
732436 0 5129 14342 1576 0
732437 0 5129 13946 1564 0
732438 0 5129 13946 1564 0
732439 0 5129 13946 1564 0
732440 0 5129 14065 1564 0
732441 0 5129 14147 1564 0
732442 0 5129 14147 1564 0
732443 0 5129 14148 1564 0
732444 0 5129 14148 1564 0
732445 0 5129 14148 1564 0
732446 0 5129 14148 1564 0
732447 0 5129 14194 1564 0
732448 0 5129 14179 1564 0
732449 0 5130 14102 1564 0
732450 0 5130 14102 1564 0
732451 0 5130 14101 1564 0
732452 0 5130 14101 1564 0
732453 0 5130 14101 1564 0
732454 0 5130 14129 1564 0
732455 0 5130 14381 1564 0
732456 0 5130 14381 1564 0
732457 0 5130 14381 1564 0
732458 0 5130 14757 1564 0
732459 0 5130 14757 1564 0
732460 0 5130 14757 1564 0
732461 0 5130 14759 1564 0
732462 0 5135 14475 1565 0
732463 0 5135 14516 1565 0
732464 0 5317 14366 1565 0
732465 0 5597 14364 1570 0
732466 0 5597 14364 1570 0
732467 0 5597 14364 1570 0
732468 0 5597 14364 1570 0
732469 0 5597 14364 1570 0
732470 0 5597 14364 1570 0
732471 0 5597 14364 1570 0
732472 0 5597 14364 1570 0
732473 0 5597 14364 1570 0
732474 0 5597 14364 1570 0
732475 0 5597 14364 1570 0
732476 0 5597 14368 1570 0
732477 0 5597 14367 1570 0
732478 0 5597 14367 1570 0
732479 0 5597 14330 1570 0
732480 0 5597 14330 1570 0
732481 0 5597 14330 1570 0
732482 0 5597 14357 1570 0
732483 0 5597 14359 1570 0
732484 0 5597 14359 1570 0
732485 0 5597 14359 1570 0
732486 0 5597 14359 1571 0
732487 0 5597 14359 1571 0
732488 0 5597 14359 1571 0
732489 0 5597 14399 1571 0
732490 0 5597 14399 1571 0
732491 0 5597 14612 1571 0
732492 0 5597 14737 1571 0
732493 0 5597 14737 1571 0
732494 0 5597 14737 1571 0
732495 0 5597 14737 1571 0
732496 0 5597 14737 1571 0
732497 0 5597 14737 1571 0
732498 0 5597 14987 1571 0
732499 0 5597 14987 1571 0
732500 0 5597 14987 1571 0
732501 0 5597 14987 1571 0
732502 0 5597 14987 1571 0
732503 0 5597 14987 1571 0
732504 0 5597 14987 1571 0
732505 0 5597 14987 1571 0
732506 0 5597 14987 1571 0
732507 0 5597 14907 1570 0
732508 0 5597 14907 1570 0
732509 0 5597 14907 1570 0
732510 0 5597 14912 1607 0
732511 0 5597 14912 1607 0
732512 0 5597 14912 1607 0
732513 0 5597 14912 1607 0
732514 0 5597 14965 1607 0
732515 0 5597 14965 1607 0
732516 0 5597 14965 1607 0
732517 0 5597 14965 1607 0
732518 0 5597 15179 1607 0
732519 0 5597 15191 1607 0
732520 0 5597 15191 1607 0
732521 0 5597 15191 1607 0
732522 0 5597 15191 1607 0
732523 0 5597 15191 1607 0
732524 0 5597 13572 1607 0
732525 0 5632 13589 1607 0
732526 0 5632 13589 1607 0
732527 0 5632 13589 1607 0
732528 0 5632 13589 1607 0
732529 0 5632 13589 1607 0
732530 0 5632 13589 1607 0
732531 0 5632 13589 1607 0
732532 0 5632 13589 1607 0
732533 0 5632 13589 1607 0
732534 0 5632 13790 1607 0
732535 0 5632 13790 1607 0
732536 0 5632 13790 1607 0
732537 0 5632 13790 1607 0
732538 0 5632 13791 1607 0
732539 0 5632 13791 1607 0
732540 0 5632 13791 1607 0
732541 0 5632 13915 1609 0
732542 0 5632 13927 1609 0
732543 0 5632 13927 1609 0
732544 0 5632 13927 1609 0
732545 0 5632 13927 1609 0
732546 0 5632 13927 1609 0
732547 0 5632 13765 1609 0
732548 0 5632 13774 1609 0
732549 0 5636 13807 1609 0
732550 0 5636 13807 1609 0
732551 0 5636 13807 1609 0
732552 0 5636 13788 1608 0
732553 0 5636 13815 1608 0
732554 0 5636 13815 1608 0
732555 0 5636 13815 1608 0
732556 0 5636 13815 1608 0
732557 0 5636 13815 1608 0
732558 0 5636 13815 1608 0
732559 0 5636 13815 1608 0
732560 0 5636 13815 1620 0
732561 0 5675 13885 1620 0
732562 0 5675 13885 1620 0
732563 0 5675 13908 1620 0
732564 0 5675 13908 1620 0
732565 0 5675 13908 1620 0
732566 0 5675 13908 1620 0
732567 0 5714 14105 1644 0
732568 0 5714 14120 1644 0
732569 0 5714 14123 1644 0
732570 0 5714 14056 1644 0
732571 0 5714 14056 1644 0
732572 0 5714 14056 1644 0
732573 0 5714 14067 1644 0
732574 0 5714 14067 1644 0
732575 0 5714 14111 1644 0
732576 0 5714 14117 1644 0
732577 0 5714 14117 1644 0
732578 0 5714 14117 1644 0
732579 0 5714 14117 1644 0
732580 0 5714 14117 1644 0
732581 0 5714 14117 1644 0
732582 0 5714 14117 1644 0
732583 0 5714 14117 1644 0
732584 0 5714 14117 1644 0
732585 0 5714 14117 1644 0
732586 0 5714 14117 1644 0
732587 0 5714 14117 1644 0
732588 0 5714 14117 1644 0
732589 0 5714 14122 1644 0
732590 0 5714 14122 1644 0
732591 0 5714 14126 1644 0
732592 0 5714 14126 1644 0
732593 0 5714 14126 1644 0
732594 0 5714 14126 1644 0
732595 0 5714 14107 1644 0
732596 0 5714 14107 1644 0
732597 0 5714 14107 1644 0
732598 0 5714 14107 1644 0
732599 0 5714 14107 1644 0
732600 0 5714 14107 1644 0
732601 0 5714 14107 1644 0
732602 0 5714 14107 1644 0
732603 0 5714 14115 1644 0
732604 0 5714 14196 1644 0
732605 0 5714 14196 1644 0
732606 0 5714 14196 1644 0
732607 0 5714 14196 1644 0
732608 0 5714 14195 1644 0
732609 0 5714 14210 1644 0
732610 0 5714 14208 1644 0
732611 0 5714 14207 1651 0
732612 0 5714 14401 1690 0
732613 0 5714 14401 1690 0
732614 0 5714 14401 1690 0
732615 0 5714 14401 1690 0
732616 0 5714 14401 1690 0
732617 0 5792 14411 1690 0
732618 0 5855 14440 1690 0
732619 0 5855 14466 1690 0
732620 0 5855 14466 1690 0
732621 0 5855 14466 1690 0
732622 0 5855 14445 1690 0
732623 0 6745 14501 1764 0
732624 0 6745 14501 1764 0
732625 0 6751 14649 1787 0
732626 0 6751 14659 1787 0
732627 0 6751 14659 1787 0
732628 0 6751 14659 1787 0
732629 0 6751 14760 1787 0
732630 0 6751 14760 1787 0
732631 0 6751 14830 1787 0
732632 0 6751 14847 1787 0
732633 0 6751 14847 1787 0
732634 0 6751 14847 1787 0
732635 0 6751 14847 1787 0
732636 0 6498 14564 1652 0
732637 0 6498 14564 1652 0
732638 0 6498 14564 1652 0
732639 0 6498 14564 1652 0
732640 0 6498 14564 1652 0
732641 0 6498 14564 1652 0
732642 0 6498 14564 1652 0
732643 0 6498 14564 1652 0
732644 0 6498 14563 1652 0
732645 0 6498 14570 1652 0
732646 0 6498 14570 1652 0
732647 0 6414 14608 1755 0
732648 0 6414 14608 1755 0
732649 0 6414 14608 1755 0
732650 0 6414 14608 1755 0
732651 0 6414 14667 1777 0
732652 0 6414 14658 1777 0
732653 0 6414 14658 1777 0
732654 0 6414 14673 1777 0
732655 0 6414 14673 1777 0
732656 0 6414 14673 1777 0
732657 0 6414 14693 1815 0
732658 0 6414 14770 1815 0
732659 0 6414 14770 1815 0
732660 0 6420 15008 1815 0
732661 0 6420 14896 1815 0
732662 0 6420 14896 1815 0
732663 0 6420 14896 1815 0
732664 0 6420 14896 1815 0
732665 0 6420 14896 1815 0
732666 0 6418 15611 1815 0
732667 0 6709 15689 1815 0
732668 0 6709 15732 1815 0
732669 0 6709 15732 1815 0
732670 0 6709 15732 1815 0
732671 0 6709 15732 1815 0
732672 0 6709 15732 1815 0
732673 0 6709 15732 1815 0
732674 0 6709 15732 1815 0
732675 0 6709 15732 1815 0
732676 0 6709 15732 1815 0
732677 0 6709 15732 1815 0
732678 0 6709 15732 1815 0
732679 0 6709 15744 1815 0
732680 0 6709 15744 1815 0
732681 0 6709 15778 1815 0
732682 0 6715 15774 1815 0
732683 0 6715 15774 1815 0
732684 0 6715 15774 1815 0
732685 0 6715 16042 1893 0
732686 0 6736 16236 1815 0
732687 0 6743 16374 1815 0
732688 0 6743 16586 1854 0
732689 0 6743 16586 1854 0
732690 0 6743 16586 1854 0
732691 0 6743 16586 1854 0
732692 0 6743 16579 1854 0
732693 0 6743 16579 1854 0
732694 0 6743 16579 1854 0
732695 0 6743 16579 1854 0
732696 0 6743 16579 1854 0
732697 0 6743 16579 1854 0
732698 0 6743 16579 1854 0
732699 0 6743 16579 1854 0
732700 0 6743 16760 1853 0
732701 0 6981 16764 1922 0
732702 0 6995 16764 1922 0
732703 0 6995 16764 1922 0
732704 0 6995 16764 1922 0
732705 0 6995 16764 1922 0
732706 0 6995 16720 1922 0
732707 0 6995 16720 1922 0
732708 0 6995 16720 1922 0
732709 0 6995 16720 1922 0
732710 0 6995 16715 1922 0
732711 0 6995 16715 1922 0
732712 0 6995 16715 1922 0
732713 0 6995 16715 1922 0
732714 0 6995 16715 1922 0
732715 0 6995 16715 1922 0
732716 0 6995 16758 1922 0
732717 0 6995 16758 1922 0
732718 0 6995 16758 1922 0
732719 0 6995 16758 1922 0
732720 0 6995 16758 1922 0
732721 0 6995 16758 1922 0
732722 0 6995 16757 1922 0
732723 0 6995 16757 1922 0
732724 0 6995 16757 1922 0
732725 0 6995 16757 1922 0
732726 0 6995 16757 1922 0
732727 0 6995 16922 1922 0
732728 0 6995 16932 1922 0
732729 0 6995 16976 1922 0
732730 0 6995 16976 1922 0
732731 0 6995 16976 1922 0
732732 0 6995 16976 1922 0
732733 0 6995 16976 1922 0
732734 0 6995 16976 1922 0
732735 0 6995 16976 1922 0
732736 0 6995 17066 1922 0
732737 0 6995 17066 1922 0
732738 0 6995 17298 1922 0
732739 0 6995 17298 1922 0
732740 0 6995 17298 1922 0
732741 0 6995 17115 1922 0
732742 0 6995 17115 1905 0
732743 0 6995 17123 1905 0
732744 0 6995 17123 1905 0
732745 0 6995 17123 1905 0
732746 0 6995 17123 1905 0
732747 0 6995 17123 1905 0
732748 0 6996 17123 1905 0
732749 0 6996 17123 1905 0
732750 0 6996 17123 1905 0
732751 0 6996 17148 1905 0
732752 0 6996 17170 1905 0
732753 0 6996 17170 1905 0
732754 0 6996 17170 1905 0
732755 0 6996 17170 1905 0
732756 0 6996 17222 1905 0
732757 0 6996 17243 1905 0
732758 0 6996 17159 1905 0
732759 0 6996 17196 2000 0
732760 0 6996 17196 2000 0
732761 0 6996 17196 2000 0
732762 0 6996 17200 2000 0
732763 0 6996 17200 2010 0
732764 0 6996 17200 2010 0
732765 0 6996 17137 2055 0
732766 0 6996 17212 2055 0
732767 0 6996 17212 2055 0
732768 0 6996 17212 2055 0
732769 0 6996 17212 2055 0
732770 0 7023 17212 2055 0
732771 0 7023 17198 2055 0
732772 0 7023 17238 2055 0
732773 0 7023 17238 2055 0
732774 0 7023 17238 2055 0
732775 0 7023 17238 2055 0
732776 0 7023 17238 2055 0
732777 0 7023 17238 2055 0
732778 0 7023 17238 2055 0
732779 0 7023 17706 2055 0
732780 0 7023 17802 2055 0
732781 0 7023 17802 2055 0
732782 0 7023 17802 2055 0
732783 0 7023 17853 2071 0
732784 0 7023 17853 2071 0
732785 0 7023 17853 2071 0
732786 0 7023 17960 2097 0
732787 0 7023 17984 2097 0
732788 0 7023 17984 2097 0
732789 0 7023 17984 2097 0
732790 0 7023 17984 2097 0
732791 0 7023 17982 2124 0
732792 0 7023 18024 2124 0
732793 0 7023 18026 2124 0
732794 0 7023 18026 2124 0
732795 0 7023 18026 2124 0
732796 0 7023 18026 2124 0
732797 0 7023 19133 2124 0
732798 0 7023 19133 2124 0
732799 0 7023 19223 2124 0
732800 0 7023 21320 2124 0
732801 0 7023 20357 2124 0
732802 0 7023 20357 2124 0
732803 0 7023 20357 2124 0
732804 0 7023 20379 2220 0
732805 0 7023 20439 2243 0
732806 0 7023 20442 2243 0
732807 0 7023 20442 2243 0
732808 0 7052 20463 2243 0
732809 0 7052 20463 2243 0
732810 0 7052 20463 2243 0
732811 0 7052 20462 2243 0
732812 0 7052 20462 2243 0
732813 0 7052 20462 2243 0
732814 0 7052 20462 2243 0
732815 0 7052 20462 2243 0
732816 0 7052 20462 2243 0
732817 0 7052 20462 2243 0
732818 0 7052 20481 2243 0
732819 0 7052 20481 2243 0
732820 0 7052 20481 2243 0
732821 0 7052 20772 2245 0
732822 0 7052 20823 2290 0
732823 0 7052 20823 2290 0
732824 0 7052 20823 2290 0
732825 0 7052 21050 2291 0
732826 0 7052 21058 2293 0
732827 0 7052 21109 2293 0
732828 0 7052 21128 2293 0
732829 0 7052 21210 2293 0
732830 0 7052 21210 2293 0
732831 0 7052 21210 2293 0
732832 0 7067 21210 2293 0
732833 0 7067 21115 2293 0
732834 0 7084 21565 2293 0
732835 0 7092 21614 2323 0
732836 0 7092 21677 2323 0
732837 0 7092 21677 2323 0
732838 0 7092 21677 2323 0
732839 0 7092 21759 2363 0
732840 0 7137 21882 2363 0
732841 0 7139 21898 2363 0
732842 0 7173 22564 2407 0
732843 0 7175 22587 2407 0
732844 0 7175 22587 2407 0
732845 0 7175 22587 2407 0
732846 0 7175 22605 2407 0
732847 0 7175 23701 2407 0
732848 0 7175 23711 2407 0
732849 0 7175 24293 2407 0
732850 0 7175 24293 2407 0
732851 0 7175 24324 2407 0
732852 0 7175 24324 2407 0
732853 0 7175 24360 2430 0
732854 0 7175 24379 2462 0
732855 0 7175 24448 2462 0
732856 0 7175 24454 2393 0
732857 0 7175 23291 2393 0
732858 0 7175 23291 2396 0
732859 0 7175 23291 2396 0
732860 0 7175 23293 2342 0
732861 0 7175 23293 2342 0
732862 0 7175 23293 2342 0
732863 0 7175 23293 2342 0
732864 0 7175 23293 2342 0
732865 0 7175 23293 2342 0
732866 0 7175 23293 2342 0
732867 0 7175 23293 2342 0
732868 0 7175 23293 2342 0
732869 4154 7887 23863 2572 0
732870 4154 7887 23863 2572 0
732871 4154 7887 23863 2572 0
732872 4154 7887 23863 2572 0
732873 4154 7887 23863 2572 0
732874 4154 7895 23863 2572 0
732875 4154 7884 23902 2572 0
732876 4123 7885 23902 2572 0
732877 4123 7885 23917 2572 0
732878 4123 7902 23917 2572 0
732879 4123 7902 23917 2572 0
732880 4123 7902 23917 2572 0
732881 4123 7902 23968 2572 0
732882 4127 7902 23968 2572 0
732883 4125 7902 23968 2572 0
732884 4125 7902 23968 2572 0
732885 4125 7902 23968 2572 0
732886 4125 7902 23968 2572 0
732887 4125 7902 23968 2572 0
732888 4125 7902 24244 2592 0
732889 4125 7902 24246 2592 0
732890 4125 7902 24305 2611 0
732891 4125 7902 24305 2611 0
732892 4125 7902 24305 2611 0
732893 4125 7902 24305 2611 0
732894 4125 7902 24305 2611 0
732895 4125 7902 24307 2611 0
732896 4125 7902 24362 2611 0
732897 4125 7902 24444 2611 0
732898 4125 7918 24444 2611 0
732899 4125 7918 24080 2706 0
732900 4125 7918 24080 2706 0
732901 4125 7918 24080 2706 0
732902 4125 7918 24511 2758 0
732903 4125 7918 24669 2760 0
732904 4125 7918 24881 2760 0
732905 4125 7918 24710 2760 0
732906 4125 7918 24910 2740 0
732907 4125 7918 24910 2740 0
732908 4125 7918 24910 2740 0
732909 4125 7937 24991 2740 0
732910 4125 7937 25000 2740 0
732911 4125 7937 25001 2740 0
732912 4125 8019 25027 2740 0
732913 4125 8019 25121 2750 0
732914 4125 8019 25121 2750 0
732915 4125 8019 25121 2750 0
732916 4125 8029 25132 2750 0
732917 4125 8029 25139 2750 0
732918 4125 8013 25139 2750 0
732919 4125 8013 25139 2750 0
732920 4125 8066 25239 2750 0
732921 4125 8066 25239 2750 0
732922 4125 8066 25239 2750 0
732923 4125 8066 25243 2750 0
732924 4125 8066 25243 2752 0
732925 4125 8066 25243 2752 0
732926 4125 8066 25277 2752 0
732927 4125 8066 25672 2752 0
732928 4125 8066 25672 2752 0
732929 4125 8066 25672 2752 0
732930 4125 8066 26193 2765 0
732931 4125 8066 26355 2809 0
732932 4125 8066 26443 2809 0
732933 4125 8066 26455 2860 0
732934 4125 8066 26520 2860 0
732935 4125 8066 26520 2860 0
732936 4125 8066 26520 2860 0
732937 4125 8209 26586 2860 0
732938 4125 8209 26735 2913 0
732939 4125 8209 26754 2913 0
732940 4125 8221 26825 2932 0
732941 4125 8221 27114 2932 0
732942 4125 8221 27114 2932 0
732943 4125 8221 27114 2932 0
732944 4125 8221 27126 2936 0
732945 4125 8221 27452 2940 0
732946 4125 8221 27447 2956 0
732947 4125 8221 27594 2956 0
732948 4125 8221 27669 2956 0
732949 4125 8221 27669 2956 0
732950 4125 8221 27669 2956 0
732951 4125 8221 27672 2957 0
732952 4125 8221 27750 3081 0
732953 4125 8221 27771 3088 0
732954 4125 8221 27853 3088 0
732955 4125 8221 27936 3097 0
732956 4125 8221 27936 3097 0
732957 4125 8221 27936 3097 0
732958 4125 8221 27992 3089 0
732959 4125 8281 28208 3087 0
732960 4125 8327 28234 3125 0
732961 4125 8327 28150 3148 0
732962 4125 8327 28150 3148 0
732963 4125 8327 28150 3148 0
732964 4125 8327 28150 3148 0
732965 4125 8327 28180 3145 0
732966 4125 8327 28180 3145 0
732967 4125 8327 27971 3175 0
732968 4125 8327 28279 3174 0
732969 4125 8327 28279 3174 0
732970 4125 8327 28279 3174 0
732971 4125 8327 28279 3174 0
732972 4125 8327 28280 3174 0
732973 4125 8327 28280 3174 0
732974 4125 8327 28301 3187 0
732975 4125 8327 28279 3185 0
732976 4125 8327 28285 3209 0
732977 4125 8327 28285 3209 0
732978 4125 8327 28285 3209 0
732979 4125 8337 28287 3209 0
732980 4125 8337 28288 3209 0
732981 4125 8337 28491 3209 0
732982 4125 8337 28495 3209 0
732983 4125 8337 28496 3208 0
732984 4125 8337 28496 3208 0
732985 4125 8337 28496 3208 0
732986 4125 8337 28639 3208 0
732987 4125 8400 30020 3208 0
732988 4125 8400 30020 3208 0
732989 4125 8400 30020 3230 0
732990 4125 8400 30020 3231 0
732991 4125 8400 30020 3231 0
732992 4125 8400 30020 3231 0
732993 4125 8400 30025 3231 0
732994 6332 8400 30573 3231 0
732995 6332 8400 30577 3231 0
732996 6332 8400 30587 3231 0
732997 6332 8400 30701 3295 0
732998 6332 8400 30713 3295 0
732999 6332 8400 30713 3295 0
733000 6332 8431 30719 3295 0
733001 6332 8431 30719 3295 0
733002 6332 8431 30719 3295 0
733003 6332 8431 30719 3295 0
733004 6332 8431 30831 3295 0
733005 6332 8431 30831 3295 0
733006 6332 8431 30842 3295 0
733007 6332 8431 30864 3295 0
733008 6332 8443 30879 3295 0
733009 6332 8443 30929 3609 0
733010 6332 8443 30940 3609 0
733011 6332 8443 31142 3620 0
733012 6332 8443 31142 3620 0
733013 6332 8443 31142 3620 0
733014 6332 8450 31182 3716 0
733015 6332 8450 31173 3716 0
733016 6332 8450 31944 3793 0
733017 6332 8450 31950 3793 0
733018 6332 8450 31950 3793 0
733019 6332 8450 31950 3793 0
733020 6332 8450 31950 3793 0
733021 6332 8450 31949 3793 0
733022 6332 8493 32056 3810 0
733023 6332 8493 32164 3853 0
733024 6332 8493 32169 3853 0
733025 6332 8493 32209 3853 0
733026 6332 8493 32213 3853 0
733027 6332 8493 32213 3853 0
733028 6332 8493 32243 3852 0
733029 6332 8493 32249 3852 0
733030 6332 8493 32241 3852 0
733031 6332 8493 32241 3852 0
733032 6332 8493 32286 3914 0
733033 6332 8493 32286 3914 0
733034 6332 8493 32286 3914 0
733035 6332 8493 32286 3914 0
733036 6332 8493 32286 3914 0
733037 6332 8493 32286 3914 0
733038 6332 8493 32286 3914 0
733039 6332 8493 32286 3914 0
733040 6332 8493 32286 3914 0
733041 6332 8493 32286 3914 0
733042 6332 8493 32286 3914 0
733043 6332 8493 32286 3914 0
733044 6332 8493 32286 3914 0
733045 6332 8493 32286 3925 0
733046 6332 8493 32286 3925 0
733047 6332 8493 32286 3925 0
733048 6332 8493 32286 3925 0
733049 6332 8493 32375 3949 0
733050 6332 8493 32462 3949 0
733051 6332 8493 32462 3949 0
733052 6332 8493 32462 3949 0
733053 6332 8493 32462 3949 0
733054 6332 8493 32462 3949 0
733055 6332 8493 32462 3949 0
733056 6332 8493 32462 3949 0
733057 6332 8493 32521 4163 0
733058 6332 8493 32544 4272 0
733059 6332 8493 32933 4350 0
733060 6332 8493 33059 4369 0
733061 6332 8493 33059 4369 0
733062 6332 8493 33059 4369 0
733063 6332 8540 32826 4330 0
733064 6332 8540 32747 4357 0
733065 6332 8540 32744 4357 0
733066 6332 8540 32766 4357 0
733067 6332 8551 32939 4395 0
733068 6332 8551 32939 4395 0
733069 6332 8551 32939 4395 0
733070 6332 8559 32876 4379 0
733071 6333 8559 32876 4379 0
733072 6333 8643 33672 4379 0
733073 6333 8643 33800 4379 0
733074 6333 8659 34070 4403 0
733075 6333 8659 34070 4403 0
733076 6333 8659 34070 4403 0
733077 6333 8659 34156 4403 0
733078 6333 8659 34159 4403 0
733079 6333 8659 34214 4403 0
733080 6333 8659 34227 4407 0
733081 6333 8659 34227 4407 0
733082 6333 8659 34227 4407 0
733083 6333 8659 34230 4407 0
733084 6333 8659 34255 4407 0
733085 6333 8659 34329 4407 0
733086 6333 8663 34363 4417 0
733087 6333 8664 34364 4417 0
733088 6333 8664 34374 4417 0
733089 6333 8664 34374 4417 0
733090 6333 8664 34374 4417 0
733091 6333 8664 34374 4417 0
733092 6333 8664 34599 4446 0
733093 7223 8664 34602 4446 0
733094 7223 8664 34618 4442 0
733095 7223 8664 34604 4442 0
733096 7223 8664 34604 4442 0
733097 7223 8664 34604 4442 0
733098 7223 8664 34602 4496 0
733099 7223 8664 34508 4504 0
733100 7223 8664 35388 4503 0
733101 7223 8664 35645 4503 0
733102 7223 8664 35649 4503 0
733103 7223 8664 35649 4503 0
733104 7223 8664 35754 4503 0
733105 7223 8664 35741 4503 0
733106 7223 8664 35536 4592 0
733107 7223 8664 35669 4587 0
733108 7223 8664 35779 4587 0
733109 7223 8664 35309 4587 0
733110 7223 8664 35309 4587 0
733111 7223 8664 35309 4587 0
733112 7223 8664 35411 4517 0
733113 7223 8664 35474 4517 0
733114 7223 8664 35558 4517 0
733115 7223 8664 35585 4517 0
733116 7223 8693 35600 4517 0
733117 7223 8693 35600 4517 0
733118 7223 8693 35600 4517 0
733119 7223 8693 35605 4517 0
733120 7223 8693 35703 4517 0
733121 7223 8758 35742 4517 0
733122 7223 8758 35742 4517 0
733123 7223 8758 35746 4517 0
733124 7223 8758 35746 4517 0
733125 7223 8758 35746 4517 0
733126 7223 8758 35746 4517 0
733127 7223 8758 35748 4517 0
733128 7223 8758 35748 4517 0
733129 7223 8758 35748 4517 0
733130 7223 8758 35676 4517 0
733131 7223 8758 35676 4517 0
733132 7223 8758 35676 4517 0
733133 7223 8758 35676 4517 0
733134 7223 8758 35676 4517 0
733135 7223 8758 35874 4517 0
733136 7223 8758 35874 4607 0
733137 7223 8758 35878 4615 0
733138 7223 8758 35878 4615 0
733139 7223 8758 35878 4615 0
733140 7223 8758 35894 4617 0
733141 7223 8758 35915 4619 0
733142 7223 8774 35939 4619 0
733143 7223 8774 36057 4619 0
733144 7223 8816 36303 4751 0
733145 7223 8816 36303 4751 0
733146 7223 8816 36303 4751 0
733147 7223 8816 36303 4751 0
733148 7223 8816 36274 4751 0
733149 7223 8816 36385 4794 0
733150 7223 8816 36385 4794 0
733151 7223 8816 36392 4794 0
733152 7223 8816 36392 4794 0
733153 7223 8816 36449 4794 0
733154 7223 8816 36473 4792 0
733155 7223 8816 36477 4790 0
733156 7223 8816 36479 4802 0
733157 7223 8816 36479 4802 0
733158 7223 8816 36505 4802 0
733159 7223 8816 36505 4802 0
733160 7223 8816 36505 4802 0
733161 7223 8816 36505 4802 0
733162 7223 8816 36511 4802 0
733163 7223 8816 36511 4802 0
733164 7223 8816 36511 4802 0
733165 7223 8850 36515 4812 0
733166 7223 8850 36515 4812 0
733167 7223 8850 36515 4812 0
733168 7223 8850 36515 4816 0
733169 7223 8850 36515 4816 0
733170 7223 8850 36515 4816 0
733171 7223 8850 36534 4816 0
733172 7223 8850 36591 4816 0
733173 7223 8850 36591 4816 0
733174 7223 8850 36591 4816 0
733175 7223 8892 37172 4816 0
733176 7223 8921 37175 4816 0
733177 7223 8904 37230 4816 0
733178 7223 8904 37443 4816 0
733179 7223 8904 37442 4816 0
733180 7223 8904 37442 4816 0
733181 7223 8904 37448 4816 0
733182 7223 8904 37623 4816 0
733183 7223 8904 37811 4823 0
733184 7223 8952 37848 4841 0
733185 7223 8952 38148 4842 0
733186 8677 9030 38186 4844 0
733187 8677 9030 38186 4844 0
733188 8677 9030 38186 4844 0
733189 8677 9030 38202 4844 0
733190 8677 9030 38231 4844 0
733191 8677 9030 38270 4844 0
733192 8677 9074 38312 4846 0
733193 8678 9074 38691 4846 0
733194 8678 9074 38691 4846 0
733195 8678 9074 38691 4846 0
733196 8678 9074 38917 4846 0
733197 8678 9074 38925 4846 0
733198 8678 9074 38959 4846 0
733199 8678 9074 38959 4846 0
733200 8678 9074 38959 4846 0
733201 8678 9074 38959 4846 0
733202 8678 9074 38959 4846 0
733203 8678 9074 39046 4939 0
733204 8678 9074 39047 4939 0
733205 8678 9074 39054 4939 0
733206 8678 9074 39301 4975 0
733207 8678 9092 39301 4975 0
733208 8678 9092 39301 4975 0
733209 8678 9092 39302 5001 0
733210 8678 9092 39335 5001 0
733211 8678 9093 39384 5001 0
733212 8678 9093 39460 5001 0
733213 8678 9093 39460 5001 0
733214 8678 9093 39460 5001 422  
733215 8678 9093 39460 5001 422  
733216 8678 9093 39460 5001 422  
733217 8678 9093 39632 5001 636  
733218 8678 9093 39969 5001 636  
733219 8678 9093 39956 5036 636  
733220 8678 9166 40127 5037 636  
733221 8678 9220 40309 5056 800  
733222 8678 9220 40309 5056 800  
733223 8678 9220 40309 5056 800  
733224 8678 9229 40356 5056 800  
733225 8678 9229 40345 5056 800  
733226 8678 9283 40397 5117 800  
733227 8678 9282 40397 5117 800  
733228 8678 9282 40395 5117 800  
733229 8678 9282 40395 5117 800  
733230 8678 9282 40395 5117 800  
733231 8678 9282 40395 5097 800  
733232 8678 9282 40400 5094 800  
733233 8678 9282 40431 5094 800  
733234 8678 9282 40614 5094 800  
733235 8678 9282 40661 5094 800  
733236 8678 9282 40661 5094 800  
733237 8678 9282 40661 5094 800  
733238 8678 9282 40674 5124 800  
733239 8678 9282 40680 5124 801  
733240 8678 9282 40737 5124 801  
733241 8678 9282 40762 5124 801  
733242 8678 9355 40814 5125 801  
733243 8678 9355 40814 5125 801  
733244 8678 9355 40814 5125 801  
733245 8678 9355 40814 5125 801  
733246 8678 9359 40879 5125 801  
733247 8678 9387 40910 5125 801  
733248 8678 9387 40972 5125 7396 
733249 8678 9387 40978 5125 7396 
733250 8678 9387 40978 5125 7396 
733251 8678 9387 40978 5125 7396 
733252 8678 9387 41021 5125 9017 
733253 8678 9387 41099 5132 9055 
733254 8678 9403 41180 5132 8940 
733255 8678 9403 41176 5132 8959 
733256 8678 9433 41189 5132 9116 
733257 8678 9433 41189 5132 9116 
733258 8678 9433 41189 5132 9116 
733259 8678 9433 41232 5133 9092 
733260 8678 9433 41418 5142 9093 
733261 8678 9364 41416 5142 10369
733262 8678 9364 41494 5142 10120
733263 8678 9364 41498 5142 9990 
733264 8678 9364 41601 5142 9990 
733265 8678 9364 41601 5142 9990 
733266 8678 9364 41601 5142 10003
733267 8678 9364 41601 5142 10060
733268 8678 9368 41844 5205 10227
733269 8678 9374 41878 5205 10260
733270 8678 9374 41866 5209 10284
733271 8678 9374 41866 5209 10284
733272 8678 9374 41866 5209 10284
733273 8678 9374 41866 5209 10235
733274 8678 9380 41866 5209 10239
733275 8678 9380 41875 5209 10297
733276 8678 9380 41877 5209 10300
733277 8678 9398 41891 5208 10300
733278 8678 9398 41891 5208 10300
733279 8678 9398 41891 5208 10300
733280 8678 9398 41891 5208 10332
733281 8678 9429 41891 5208 10331
733282 8678 9419 41890 5209 10331
733283 8678 9419 41890 5209 10331
733284 8678 9419 41890 5209 10327
733285 8678 9419 41890 5209 10327
733286 8678 9419 41890 5209 10327
733287 8678 9419 41900 5217 10327
733288 8678 9419 41908 5217 10327
733289 8678 9419 41908 5217 10327
733290 8678 9434 41925 5193 10335
733291 8678 9434 41922 5195 10336
733292 8678 9434 41922 5195 10336
733293 8678 9434 41922 5195 10336
733294 8678 9478 41922 5195 10336
733295 8678 9525 41931 5195 10336
733296 8678 9630 41973 5195 10336
733297 8678 9630 41976 5195 10336
733298 8678 9630 41976 5195 10336
733299 8678 9630 41976 5195 10336
733300 8678 9630 41976 5195 10336
733301 8678 9630 41976 5195 10340
733302 8678 9630 42439 5195 10342
733303 8678 9630 42405 5195 10342
733304 8678 9630 42630 5195 10344
733305 8678 9630 42630 5195 10344
733306 8678 9630 42630 5195 10344
733307 8678 9630 42630 5195 10344
733308 8678 9630 42632 5195 10344
733309 8678 9630 42633 5219 10344
733310 8678 9630 42626 5219 10342
733311 8678 9630 42648 5219 10453
733312 8678 9630 42648 5219 10453
733313 8678 9630 42648 5219 10453
733314 8678 9630 42648 5219 10453
733315 8678 9630 42648 5219 10453
733316 8678 9630 42648 5219 10453
733317 8678 9630 42648 5219 10453
733318 8678 9630 42664 5227 10453
733319 8678 9630 42664 5227 10453
733320 8678 9630 42664 5227 10453
733321 8678 9630 42664 5227 10453
733322 8678 9630 42538 5376 10453
733323 8678 9630 42545 5377 10453
733324 8678 9630 42545 5377 10524
733325 8678 9630 42547 5377 10524
733326 8678 9630 42552 5377 10522
733327 8678 9630 42746 5377 10522
733328 8678 9630 42746 5377 10522
733329 8678 9630 43004 5385 10371
733330 8678 9784 43096 5385 10456
733331 8678 9784 43110 5418 10456
733332 8678 9974 43113 5418 10756
733333 8678 9979 43098 5414 10957
733334 8678 9979 43098 5414 10957
733335 8678 9979 43098 5414 10957
733336 8678 10029 43101 5414 10951
733337 8678 10029 43101 5414 10950
733338 8678 10070 43100 5414 10950
733339 8678 10070 43064 5414 10950
733340 8678 10094 43085 5414 10950
733341 8678 10094 43085 5414 10950
733342 8678 10094 43085 5414 10950
733343 8678 10094 43090 5414 10950
733344 8678 10094 43089 5414 11088
733345 8678 10088 43089 5414 11088
733346 8678 10088 43089 5414 11088
733347 8678 10997 43325 5414 11088
733348 8678 10997 43325 5414 11088
733349 8678 10997 43325 5414 11088
733350 8678 10997 43325 5414 11119
733351 8678 10997 43325 5414 11119
733352 8678 11001 43326 5414 11119
733353 8678 10962 43440 5656 11121
733354 8678 10962 43441 5656 11121
733355 8678 10962 43441 5656 11121
733356 8678 10962 43441 5656 11121
733357 8678 10962 43450 5656 11121
733358 8678 10962 43450 5656 11121
733359 8678 10962 43450 5656 11121
733360 8678 10962 43450 5656 11146
733361 8678 10962 43454 5670 11051
733362 8678 10962 43454 5670 11051
733363 8678 10962 43454 5670 11051
733364 8678 11051 43454 5670 11051
733365 8678 11051 43455 5703 11051
733366 8678 11051 43455 5703 11051
733367 8678 11056 43598 5729 11216
733368 8678 11056 43598 5729 11218
733369 8678 11056 43598 5729 11218
733370 8678 11056 43598 5729 11218
733371 8678 11056 43636 5733 11325
733372 8678 11055 43636 5733 11325
733373 8678 11055 43944 5733 11325
733374 8678 11055 43947 5733 11325
733375 8678 11055 43932 5780 11325
733376 8678 11055 43932 5780 11325
733377 8678 11055 43932 5780 11325
733378 8678 11055 43920 5780 11325
733379 8678 11055 44004 5780 11325
733380 8678 11055 44055 5781 11325
733381 8678 11055 44068 5781 11441
733382 8678 11094 44954 5781 11441
733383 8678 11094 44954 5781 11862
733384 8678 11094 44954 5781 11862
733385 8678 11094 44951 5781 11862
733386 8678 11094 44952 5781 11908
733387 8678 11094 44952 5795 11918
733388 8678 11094 44959 5956 11918
733389 8678 11094 44959 5956 12221
733390 8678 11094 44959 5953 12221
733391 8678 11094 44959 5953 12221
733392 8678 11094 44988 5988 12297
733393 8678 11094 45000 5988 12297
733394 8678 11096 45059 5988 12297
733395 8678 11096 45059 5988 12297
733396 8678 11096 45141 5988 12297
733397 8678 11096 45141 5988 12297
733398 8678 11096 45141 5988 12297
733399 8678 11096 45143 5988 12334
733400 8678 11096 45143 5988 12334
733401 8678 11096 45143 5988 12334
733402 8678 11096 45143 5988 12334
733403 8678 11096 45143 5988 12334
733404 8678 11096 45143 5988 12334
733405 8678 11096 45143 5988 12334
733406 8678 11096 45143 5988 12334
733407 8678 11096 45143 5988 12334
733408 8678 11096 45143 5988 12334
733409 8678 11096 45143 5988 12334
733410 8678 11096 45164 5988 12334
733411 8678 11096 45164 5988 12334
733412 8678 11096 45164 5988 12334
733413 8678 11096 45164 5988 12334
733414 8678 11096 45170 5988 12334
733415 8678 11096 45170 5988 12335
733416 8678 11096 45171 5988 12335
733417 8678 11096 45167 5988 12350
733418 8678 11096 45167 5988 12350
733419 8678 11096 45167 5988 12350
733420 8678 11096 45167 5988 12350
733421 8678 11096 45170 5988 12357
733422 8678 11096 42921 5988 12397
733423 8678 11096 42919 5988 12397
733424 8678 11096 42919 5988 12397
733425 8678 11096 42919 5988 12397
733426 8678 11096 42919 5988 12397
733427 8678 11096 42922 5988 12397
733428 8678 11098 42937 5988 12397
733429 8678 11098 42973 5988 12397
733430 8678 11098 42973 6076 12397
733431 8678 11098 42978 6076 12397
733432 8678 11098 42978 6076 12397
733433 8678 11098 42978 6076 12397
733434 8678 11098 42985 6076 12396
733435 8678 11098 42985 6076 12396
733436 8678 11115 42988 6101 12396
733437 8678 11115 42987 6101 12396
733438 8678 11115 43016 6101 12396
733439 8678 11115 43016 6101 12396
733440 8678 11115 43016 6101 12396
733441 8678 11115 43016 6101 12396
733442 8678 11115 43097 6101 12396
733443 8678 11115 43097 6101 12396
733444 8678 11115 43102 6101 12397
733445 8678 11115 43105 6101 12397
733446 8678 11115 43105 6101 12397
733447 8678 11115 43105 6101 12397
733448 8678 11115 43105 6101 12397
733449 8678 11115 43105 6101 12397
733450 8678 11115 43105 6101 12397
733451 8678 11540 42048 6690 12457
733452 8678 11540 42177 6732 12457
733453 8678 11540 42166 6732 12457
733454 8678 11540 42166 6732 12457
733455 8678 11540 42229 6732 12457
733456 8678 11540 42125 6764 12462
733457 8678 11591 42136 6966 12462
733458 8678 11943 42648 6969 12485
733459 8678 11943 42602 6969 12616
733460 8678 11943 42613 6969 12616
733461 8678 11943 42613 6969 12616
733462 8678 11937 42768 6969 12624
733463 8678 12010 42849 7050 13272
733464 8678 12010 43172 7198 13394
733465 8678 12010 43353 7451 13370
733466 8678 12010 44440 7438 13623
733467 8678 12010 44440 7438 13623
733468 8678 12010 44436 7452 13623
733469 8678 12010 44561 7457 13644
733470 8678 12010 44306 7647 13687
733471 8678 12010 44341 7658 13861
733472 8678 12010 43475 7658 13893
733473 8678 12011 43401 7658 13915
733474 8678 12011 43401 7658 13915
733475 8678 12011 43401 7658 13915
733476 8678 12011 43411 7658 13922
733477 8678 12011 43685 7658 13928
733478 8678 12011 43673 7658 13943
733479 8678 12137 43767 7676 13966
733480 8678 12137 43762 7672 13966
733481 8678 12137 43762 7672 13966
733482 8678 12137 43762 7672 13966
733483 8678 12137 46072 7765 13966
733484 8678 12137 46106 7765 13975
733485 8678 12137 46110 7765 13986
733486 8678 12717 46250 8069 13986
733487 8678 12717 46383 8109 14044
733488 8678 12733 46378 8109 14057
733489 8678 12733 46382 8124 14057
733490 8678 12786 46833 8135 14077
733491 8678 12786 46889 8135 14223
733492 8678 12786 46889 8135 14222
733493 8678 12786 46895 8144 14245
733494 8678 12964 46935 8244 14273
733495 8678 12964 46945 8244 14273
733496 8678 12964 46952 8244 14273
733497 8678 13033 46974 8244 14273
733498 8678 13033 47150 8306 14337
733499 8678 13033 47273 8307 14389
733500 8678 13068 47284 8423 14393
733501 8678 13068 47327 8488 14412
733502 8678 13068 47426 8491 14316
733503 8678 13068 47427 8491 14316
733504 8678 13068 47880 8492 14316
733505 8678 13068 47913 8492 14316
733506 8678 13068 47849 8492 14316
733507 8678 13068 47848 8515 14316
733508 8678 13068 47908 8515 14323
733509 8678 13093 47908 8515 14323
733510 8678 13093 47908 8515 14323
733511 8678 13093 47910 8599 14323
733512 8678 13096 47938 8578 14323
733513 8678 13096 47936 8578 14323
733514 8678 13096 47930 8828 14323
733515 8678 13096 47749 8881 14323
733516 8678 13096 47749 8881 14323
733517 8678 13109 47749 8881 14323
733518 8678 13109 48188 8881 14327
733519 8678 13109 48542 8907 14327
733520 8678 13109 48629 8971 14344
733521 8678 13109 48971 8996 14344
733522 8678 13107 48990 8996 14344
733523 8678 13107 48990 8996 14344
733524 8678 13107 48990 8996 14344
733525 8678 13107 49005 8999 14344
733526 8678 13166 49040 8999 14344
733527 8678 13166 49182 8999 14407
733528 8678 13166 49182 8995 14407
733529 8678 13171 49234 8995 14407
733530 8678 13171 49236 8995 14560
733531 8678 13171 49236 8995 14560
733532 8678 13175 49401 8995 14558
733533 8678 13181 49442 8995 14612
733534 8678 13181 49443 9003 14718
733535 8678 13151 49597 9099 14708
733536 8678 13151 49647 9099 14739
733537 8678 13153 49679 9099 14739
733538 8678 13153 49709 9099 14739
733539 8678 13153 49786 9122 14745
733540 8678 13153 50114 9124 14797
733541 8678 13153 50151 9124 14878
733542 8678 13153 50294 9150 14918
733543 8678 13153 50334 9140 14918
733544 8678 13153 50334 9140 14918
733545 8678 13153 50334 9140 14918
733546 8678 13153 50358 9140 14927
733547 8678 13153 50365 9140 15119
733548 8678 13153 50369 9244 15141
733549 8678 13153 50369 9244 15141
733550 8678 13153 50505 9478 15141
733551 8678 13153 50505 9478 15141
733552 8678 13153 50505 9478 15141
733553 8678 13153 50505 9478 15141
733554 8678 13153 50505 9535 15143
733555 8678 13153 50508 9543 15153
733556 8678 13153 50508 9543 15153
733557 8678 13153 50521 9550 15153
733558 8678 13153 50521 9550 15153
733559 8678 13153 50521 9550 15153
733560 8678 13153 50992 9550 15153
733561 8678 13153 51091 9561 15138
733562 8678 13152 51027 9576 15316
733563 8678 13152 51314 9641 15322
733564 8678 13152 51302 9641 15340
733565 8678 13152 51302 9641 15340
733566 8678 13152 51305 9641 15341
733567 8678 13152 51604 9653 15341
733568 8678 13152 51669 9653 15341
733569 8678 13152 51912 9673 15350
733570 8678 13152 51923 9673 15350
733571 8678 13152 51955 9769 15369
733572 8678 13152 51955 9769 15369
733573 8678 13152 51826 9769 15369
733574 8678 13152 51981 9811 15369
733575 8678 13152 52077 9823 15372
733576 8678 13152 52111 9836 15372
733577 8678 13152 52102 9844 15372
733578 8678 13152 52223 9837 15372
733579 8678 13182 52372 9837 15372
733580 8678 13182 52372 9837 15372
733581 8678 13182 52601 9986 15399
733582 8678 13182 52697 9985 15399
733583 8678 13182 53118 10025 15399
733584 9599 13310 53928 10110 15399
733585 9599 13310 54621 10168 15512
733586 9599 13310 54668 10804 15512
733587 9599 13310 54489 10876 15512
733588 9599 13310 54698 10960 15803
733589 9599 13310 54970 10983 15803
733590 9599 13407 55203 11000 15806
733591 9599 13406 55334 11014 15969
733592 9599 13489 55462 11039 16068
733593 9599 13489 55463 11039 16068
733594 9599 13489 56469 11039 16068
733595 9599 13489 56525 11039 16066
733596 9599 13537 56432 11354 16079
733597 9599 13553 56637 11354 16079
733598 9599 13553 56758 11366 16079
733599 9599 13621 56816 11484 16079
733600 9599 13621 56829 11574 16079
733601 9599 13621 57021 11577 16079
733602 9599 13621 57023 11577 16079
733603 9599 13621 57407 11582 16079
733604 9599 13621 58044 12223 16091
733605 9599 13732 61280 12347 16119
733606 9599 13732 61635 12314 16119
733607 9599 13732 61651 12290 16119
733608 9599 13787 61902 12290 16119
733609 9599 13811 61914 12290 16119
733610 9599 13811 61730 12327 16119
733611 9599 13811 61760 12326 16119
733612 9577 13811 62341 12328 16144
733613 9577 13811 62343 12324 16355
733614 9577 13828 62344 12324 16355
733615 9577 13828 62344 12324 16355
733616 9577 13826 62382 12342 16350
733617 9577 13847 62407 12388 16355
733618 9577 13973 62484 12500 16378
733619 9577 13973 62494 12546 16378
733620 9577 13973 62558 12552 16386
733621 9577 13973 62558 12552 16393
733622 9577 13973 62561 12552 16393
733623 9577 13973 62627 12557 16393
733624 9577 13973 62838 12659 16609
733625 9577 13973 61748 12672 16609
733626 9577 13973 61731 12672 16609
733627 9577 13973 61785 12711 16628
733628 9577 13973 61785 12711 16628
733629 9577 13973 61785 12711 16628
733630 9577 13973 61601 12725 16628
733631 9577 13973 61879 12725 16628
733632 9577 13973 62259 12824 16679
733633 9577 14030 62595 12889 16679
733634 9577 14057 62667 12889 16679
733635 9577 14037 62667 12929 16679
733636 9577 14037 63005 12938 16679
733637 9577 14037 63100 13255 16680
733638 9577 14056 63588 13324 16685
733639 9577 14056 63678 13328 16685
733640 9577 14056 63751 13387 16450
733641 9577 14057 63696 13393 16450
733642 9577 14057 63702 13424 16450
733643 9577 14057 63702 13424 16450
733644 9577 14057 63777 13424 16452
733645 9577 14057 63902 13554 16453
733646 9577 14049 64036 13556 16493
733647 9577 14049 64131 13556 16493
733648 9577 14049 64138 13556 16493
733649 9577 14078 64101 13556 16493
733650 9577 14078 64101 13556 16493
733651 9577 14264 64143 13556 16564
733652 9577 14265 64172 13574 16568
733653 9577 14265 64040 13574 16568
733654 9577 14265 64200 13574 16568
733655 9577 14265 64247 13582 16568
733656 9577 14269 64252 13582 16609
733657 9577 14269 64258 13582 16657
733658 9577 14269 64260 13584 16667
733659 9577 14291 64378 13591 16673
733660 9577 14291 64408 13591 16673
733661 9577 14291 64406 13590 16673
733662 9577 14291 64410 13641 16673
733663 9577 14291 64418 13641 16673
733664 9577 14291 64475 13641 16673
733665 9577 14290 60454 13594 16721
733666 9577 14290 60443 13593 16819
733667 9577 14290 60485 13593 16819
733668 9577 14290 60549 13593 16819
733669 9577 14324 60651 13593 16819
733670 9577 14324 60651 13593 16819
733671 9577 14324 60651 13593 16819
733672 9577 14324 60684 13593 16819
733673 9577 14324 60862 13615 16819
733674 9577 14324 61016 13621 16821
733675 9577 14324 61035 13618 16821
733676 9577 14324 61716 13619 16821
733677 9577 14324 61709 13619 16821
733678 9577 14324 61709 13619 16821
733679 9577 14324 61224 14420 16821
733680 9577 14324 61279 14431 16821
733681 9577 14336 61225 14436 16867
733682 9577 14336 61400 14430 16867
733683 9577 14337 61451 14445 16867
733684 9577 14337 61489 14502 16867
733685 9577 14337 61513 14502 16867
733686 9577 14305 61606 13752 16867
733687 9577 14305 61618 13753 16867
733688 9577 14305 61618 13745 16867
733689 9577 14362 61726 13993 16867
733690 9577 14368 62314 12799 16886
733691 9577 14368 62317 12799 16886
733692 9577 14368 62317 12799 16886
733693 9577 14368 62369 12799 16896
733694 9577 14426 62321 12798 17101
733695 9577 14475 62466 12802 17125
733696 9577 14502 62464 12815 17124
733697 9577 14502 62472 13149 17083
733698 9577 14502 62519 13149 17083
733699 9577 14502 62519 13149 17083
733700 9577 15065 62587 13210 17105
733701 9577 15065 62677 13210 17105
733702 9577 15037 62826 13227 17322
733703 9577 15037 62833 13227 17396
733704 9577 15037 62840 13227 17431
733705 9577 15037 62840 13756 17431
733706 9577 15037 62842 13756 17431
733707 9577 15062 62859 13614 17433
733708 9577 15126 62894 13619 17438
733709 9577 15130 62891 13622 17445
733710 9577 15130 62894 13657 17445
733711 9577 15130 62913 13680 17453
733712 9577 15130 62913 13680 17453
733713 9577 15130 62913 13680 17453
733714 9577 15130 63484 13776 17453
733715 9577 15130 63435 13781 17563
733716 9577 15130 63442 13792 17563
733717 9577 15130 63363 13792 17710
733718 9577 15416 63970 13796 17721
733719 9577 15416 63970 13796 17721
733720 9577 15416 63970 13796 17721
733721 9577 15416 63970 13796 17722
733722 9577 15416 63981 13798 17722
733723 9577 15416 63981 13798 17723
733724 9577 15416 64154 13891 17732
733725 9577 15430 64354 13892 17734
733726 9577 15430 64354 13894 17716
733727 9577 15430 64354 13926 17716
733728 9577 15430 64373 13926 17753
733729 9577 15430 64704 13928 17753
733730 9577 15525 64707 13967 17753
733731 9577 15696 64704 13967 17743
733732 9577 15696 64993 13971 17743
733733 9577 15696 64993 13971 17743
733734 9577 15696 64993 13971 17743
733735 9594 15696 64786 13972 17743
733736 9594 15669 64798 14009 17743
733737 9594 15508 65165 14007 17744
733738 9594 15508 65906 14070 17812
733739 9594 15647 66297 14269 17812
733740 9594 15647 66297 14269 17812
733741 9594 15647 66294 14268 17812
733742 9594 15647 66670 14269 17812
733743 9594 15647 66697 14269 17821
733744 9594 15647 66780 14301 17821
733745 9594 15682 66858 14375 17821
733746 9594 15718 66912 14424 17827
733747 9594 15718 66912 14427 17825
733748 9594 15718 66897 14427 17825
733749 10270 15718 66937 14465 17862
733750 10270 15669 66998 14470 17860
733751 10270 15786 67075 14589 17860
733752 10270 15813 67101 14600 17860
733753 10270 15920 67101 14600 17860
733754 10270 15919 67102 14672 17860
733755 10270 15919 67102 14672 17860
733756 10270 15919 67095 14672 17896
733757 10270 15937 67154 14713 17896
733758 10270 15943 67299 14714 17900
733759 10270 15943 67355 14718 17900
733760 10270 15942 67365 14718 17975
733761 10270 15942 67365 14718 17975
733762 10270 15942 67365 14718 17975
733763 10270 15942 67387 14718 17980
733764 10270 15942 67626 14718 17980
733765 10270 15942 67626 14718 17980
733766 10270 15942 67626 14718 17980
733767 10270 15942 67626 14718 17980
733768 10270 15942 67625 14733 17980
733769 10270 15942 67695 14733 17980
733770 10270 15942 67695 14733 17980
733771 10270 15942 67695 14733 17980
733772 10270 15942 67816 14733 17980
733773 10270 15942 67211 14733 17980
733774 10270 15942 67241 14733 17980
733775 10270 15942 67229 14733 17980
733776 10270 15942 67305 14741 17980
733777 10270 15942 67315 14741 17980
733778 10270 15942 67364 14741 17980
733779 10270 15942 67364 14741 18086
733780 10270 15942 67470 14261 18068
733781 10270 15935 67373 14377 18067
733782 10270 15935 67407 14384 18067
733783 10270 15929 67407 14386 18067
733784 10270 15929 67413 14386 18067
733785 10270 15929 67435 14389 18075
733786 10270 15929 67435 14389 18077
733787 10270 15929 67415 14389 18467
733788 10270 15929 67415 14389 18467
733789 10270 15929 67415 14389 18467
733790 10270 15929 67416 14389 18467
733791 10270 15723 67413 13904 18487
733792 10270 15748 67425 13904 18487
733793 10270 15748 67446 13904 18487
733794 10270 15748 68903 13904 18487
733795 10270 15748 68908 13904 18487
733796 10270 15748 68908 13904 18487
733797 10270 15748 69283 13904 18487
733798 10270 15748 69313 13904 18487
733799 10270 15748 69421 13904 18487
733800 10270 15748 69518 13933 18745
733801 10270 15765 69661 14077 18745
733802 10270 15781 69739 14241 18745
733803 10270 15818 69754 14241 18745
733804 10270 15818 69763 14241 18745
733805 10270 15818 69881 14241 18745
733806 10270 15818 70255 14186 18745
733807 10270 15817 70556 14188 18745
733808 10270 15824 70632 14647 18768
733809 10270 15940 70917 14695 18768
733810 10270 15940 70918 14695 18768
733811 10270 15940 70918 14695 18768
733812 10270 16131 73130 14702 18768
733813 10270 16285 73233 14703 18775
733814 10270 16515 73404 14718 18780
733815 10270 16515 73484 14798 18859
733816 10270 16515 71327 14850 19060
733817 10270 16515 71327 14850 19060
733818 10270 16515 71327 14850 19060
733819 10270 16515 71408 14898 19060
733820 10270 16515 71427 14902 19054
733821 10270 16558 71444 14920 19054
733822 10270 16563 71503 14992 19054
733823 10270 16563 71564 15014 19182
733824 10270 16563 71564 15014 19182
733825 10270 16563 71564 15014 19182
733826 10270 16563 70594 15014 19190
733827 10270 16576 71855 15084 19190
733828 10270 16574 71890 15094 19190
733829 10270 16574 71757 15094 19190
733830 10270 16574 71742 15085 19455
733831 10270 16574 71742 15085 19455
733832 10270 16574 71742 15085 19455
733833 10270 16574 71776 15085 19497
733834 10270 16574 71777 15094 20186
733835 10270 17127 72182 15094 20223
733836 10270 17127 72212 15143 20223
733837 10270 17127 72238 15190 20223
733838 10270 17127 72238 15190 20223
733839 10270 17127 72238 15190 20223
733840 10270 17127 72278 15193 20223
733841 10270 17127 72441 15194 20223
733842 10270 17127 72450 15175 20247
733843 10270 17141 72441 15176 20213
733844 10270 17141 72482 15175 20213
733845 10270 17141 72482 15175 20213
733846 10270 17141 72482 15175 20213
733847 10267 17141 72769 15227 20213
733848 10267 17141 72788 15264 20216
733849 10267 17319 72505 15267 20216
733850 10267 17319 72505 15267 20216
733851 10267 17319 72505 15267 20216
733852 10267 17319 72505 15267 20216
733853 10267 17319 72505 15267 20216
733854 10267 17319 72526 15267 20216
733855 10267 17324 72589 15267 20216
733856 10267 17324 72732 15267 20225
733857 10267 17324 72785 15267 20226
733858 10267 17324 73153 15267 20238
733859 10267 17324 73153 15267 20238
733860 10267 17324 73153 15267 20238
733861 10267 17449 73153 15267 20238
733862 10267 17449 73204 15267 20238
733863 10267 17449 73208 15272 20238
733864 10267 17455 73208 15272 20238
733865 10267 17455 73208 15272 20238
733866 10267 17455 73208 15272 20238
733867 10267 17455 73208 15272 20238
733868 10267 17455 73208 15272 20238
733869 10267 17455 72130 15272 20238
733870 10267 17455 72205 15272 20238
733871 10267 17455 73061 15272 20238
733872 10267 17455 73061 15272 20238
733873 10267 17455 73061 15272 20238
733874 10267 17455 73061 15272 20238
733875 10267 17455 72446 13691 20359
733876 10267 17455 72493 13968 20359
733877 10267 17455 72502 13979 20399
733878 10267 17455 72514 13979 20448
733879 10267 17478 72620 14103 20464
733880 10267 17478 72620 14103 20464
733881 10267 17478 72620 14103 20464
733882 10267 17485 72711 14150 20464
733883 10267 17485 72710 14387 20587
733884 10267 17485 72741 14401 20626
733885 10267 17485 72866 14877 20792
733886 10267 17485 72902 14924 20867
733887 10267 17485 72902 14924 20867
733888 10267 17485 72902 14924 20876
733889 10267 17485 72943 14924 20885
733890 10267 17485 72943 14926 20976
733891 10267 17485 72943 14926 20976
733892 10267 17485 72964 14926 20976
733893 10267 17485 72968 14926 20987
733894 10267 17485 72968 14926 20987
733895 10267 17485 72968 14926 20987
733896 10267 17485 72984 14926 20979
733897 10267 17485 73052 14926 20981
733898 10267 17485 73052 14886 21028
733899 10267 17485 73052 14546 21035
733900 10267 17485 73052 14546 20984
733901 10267 17485 73052 14546 20984
733902 10267 17485 73052 14546 20984
733903 10267 17485 73069 14551 21211
733904 10267 17485 73069 14551 21194
733905 10267 17485 73079 14551 21194
733906 10267 17485 73079 14551 21194
733907 10267 17485 73079 14551 21194
733908 10267 17485 73079 14551 21194
733909 10267 17485 73079 14551 21194
733910 10267 17485 73079 14551 21303
733911 10267 17485 73030 14551 21303
733912 10267 17485 73043 14572 21303
733913 10267 17485 73095 14640 21356
733914 10267 17485 73067 14681 21413
733915 10267 17485 73067 14681 21413
733916 10267 17485 73067 14681 21413
733917 10267 17485 73067 14681 21483
733918 10267 17485 73385 14770 21510
733919 10267 17485 74176 14782 21510
733920 10267 17485 75319 14845 21510
733921 10267 17485 75823 14850 21510
733922 10267 17491 75821 14850 21510
733923 10267 17491 75852 14850 21510
733924 10267 17491 75637 14850 21510
733925 10267 17491 75720 14876 21512
733926 10267 17491 75624 14874 21512
733927 10267 17491 75775 14832 21512
733928 10267 17491 73363 14962 21512
733929 10267 17491 73363 14962 21512
733930 10267 17491 73363 14962 21512
733931 10267 17583 74489 14962 21550
733932 10267 17583 74513 14943 21550
733933 10267 17583 72225 14972 21592
733934 10267 17583 72249 14972 22620
733935 10267 17583 72246 14972 22620
733936 10267 17583 72246 14972 22620
733937 10267 17583 72246 14972 22620
733938 10267 17572 72249 14963 22620
733939 10267 17572 72249 14968 22620
733940 10267 17572 72319 14968 22639
733941 10267 17572 72386 14968 22639
733942 10267 17572 72403 14968 22639
733943 10267 17572 72403 14968 22639
733944 10267 17572 72403 14968 22639
733945 10267 17572 72471 14969 23318
733946 10267 17572 71220 15001 23676
733947 10267 17572 71224 15001 23676
733948 10267 17572 71235 15006 23676
733949 10267 17572 71235 15008 23678
733950 10267 17572 71235 15008 23678
733951 10267 17572 71258 15008 23678
733952 10267 17572 71719 15054 23678
733953 10267 17572 71794 15047 23678
733954 10267 17572 71795 15047 23678
733955 10267 17572 71828 15047 23678
733956 10267 17572 72334 15047 23678
733957 10267 17572 72334 15047 23678
733958 10267 17572 72334 15047 23678
733959 10267 17572 72555 15047 23678
733960 10267 17572 72521 15047 23678
733961 10267 17572 72524 15086 23678
733962 10267 17658 72576 15099 23678
733963 10267 17658 72777 15156 23679
733964 10267 17658 72777 15156 23679
733965 10267 17658 72777 15156 23679
733966 10267 17658 72777 15156 23679
733967 10267 17658 73767 15156 23659
733968 10267 17658 73788 15156 23729
733969 10267 17658 73788 15156 23729
733970 10267 17658 73823 15156 23729
733971 10267 17658 73823 15156 23729
733972 10267 17658 73823 15156 23729
733973 10267 17658 73839 15153 23730
733974 10267 17658 74147 15153 23730
733975 10267 17658 74144 15153 23753
733976 10267 17658 74146 15153 23753
733977 10267 17658 74146 15153 23753
733978 10267 17658 74146 15153 23753
733979 10267 17658 74146 15153 23753
733980 10267 17658 74146 15153 23753
733981 10267 17658 74186 15232 24183
733982 10267 17658 74186 15232 24246
733983 10267 17658 74187 15232 24246
733984 10267 17658 74187 15232 24246
733985 10267 17658 74187 15232 24246
733986 10267 17658 74187 15232 24246
733987 10267 17658 74187 15232 24246
733988 10267 17658 74329 15232 24261
733989 10267 17658 74380 15251 24261
733990 10267 17658 74381 15251 24288
733991 10267 16484 74387 15257 24288
733992 10267 16484 74387 15257 24291
733993 10267 16484 74387 15257 24291
733994 10267 16484 74852 16014 24374
733995 10267 16484 74889 16025 24333
733996 10267 16484 74904 16027 24544
733997 10267 16484 74942 16028 24545
733998 10267 16484 74962 16027 24603
733999 10267 16484 74982 16027 24599
734000 10267 16484 74982 16027 24600
734001 10267 16484 74989 16027 24601
734002 10267 16484 74989 16027 24601
734003 10267 16484 75000 16080 24607
734004 10267 16484 75001 16080 24609
734005 10267 16484 75005 16080 24631
734006 10267 16484 75005 16080 24631
734007 10267 16484 75005 16080 24631
734008 10267 16484 75015 16080 24717
734009 10267 16484 75015 16080 24715
734010 10267 16503 75015 16080 24715
734011 10267 16503 75018 16080 24715
734012 10267 16503 75022 16080 24715
734013 10267 16503 75022 16080 24715
734014 10267 16503 75022 16080 24715
734015 10267 16503 75022 16080 24715
734016 10267 16505 75094 16092 24715
734017 10267 16505 75094 16092 24716
734018 10267 16505 75071 16095 24720
734019 10267 16505 75074 16095 24731
734020 10267 16505 75076 16095 24731
734021 10267 16505 75076 16095 24731
734022 10267 16505 75071 16096 24731
734023 10267 16505 75273 16105 24738
734024 10267 16505 75303 16105 24738
734025 10267 16505 75347 16105 24738
734026 10267 16505 75347 16105 24738
734027 10267 16505 75347 16105 24738
734028 10267 16505 75347 16105 24738
734029 10267 16505 75347 16105 24738
734030 10267 16505 75347 16105 24738
734031 10267 16505 75347 16105 24738
734032 10267 16505 75347 16105 24738
734033 10267 16505 75347 16105 24738
734034 10267 16505 75347 16105 24738
734035 10267 16505 75347 16105 24738
734036 10267 16505 75347 16105 24738
734037 10267 16505 75347 16105 24738
734038 10267 16505 75518 16105 24738
734039 10267 16505 75421 16105 24828
734040 10267 16508 75421 16105 24828
734041 10267 16508 75421 16105 24828
734042 10267 16508 75421 16105 24828
734043 10267 16508 75426 16105 24828
734044 10267 16508 75426 16105 24828
734045 10267 16508 75424 16105 24828
734046 10267 16508 75504 16105 24828
734047 10267 16508 75502 16105 24828
734048 10267 16508 75502 16105 24828
734049 10267 16508 75502 16105 24828
734050 10267 16508 75567 16202 24881
734051 10267 16508 75641 16270 24881
734052 10267 16508 75655 16271 24890
734053 10267 16508 75669 16271 24890
734054 10267 16508 75669 16271 24890
734055 10267 16508 75669 16271 24890
734056 10267 16508 75669 16271 24890
734057 10267 16508 75764 16271 24890
734058 10267 16508 75764 16271 24890
734059 10267 16508 75673 16271 24890
734060 10267 16508 75800 16271 24891
734061 10267 16508 75870 16271 24891
734062 10267 16508 75870 16271 24891
734063 10267 16508 75870 16271 24891
734064 10267 16508 75909 16326 24891
734065 10267 16508 75909 16326 24891
734066 10267 16508 75896 16434 24891
734067 10267 16508 75900 16434 24889
734068 10267 16508 75900 16436 24889
734069 10267 16508 75900 16436 24889
734070 10267 16508 75900 16436 24889
734071 10267 16508 76106 16438 24892
734072 10267 16508 76113 16439 24899
734073 10267 16146 75098 16103 25044
734074 10267 16146 75095 16134 25044
734075 10267 16146 75215 16174 25044
734076 10267 16146 75223 16174 25044
734077 10267 16146 75223 16174 25044
734078 10267 16146 75144 16176 25044
734079 10267 16146 75178 16180 25044
734080 10267 16146 75199 16183 25044
734081 10267 16146 75199 16183 25045
734082 10267 16146 75203 16183 25159
734083 10267 16146 75203 16183 25159
734084 10267 16146 75203 16183 25159
734085 10267 16146 75203 16183 25160
734086 10267 16146 75203 16183 25160
734087 10267 16146 75203 16183 25160
734088 10267 16146 75532 16183 25196
734089 10267 16146 75565 16184 25205
734090 10267 16146 75565 16184 25205
734091 10267 16146 75565 16184 25205
734092 10267 16224 75669 16194 25213
734093 10267 16227 75867 16267 25213
734094 10267 16227 74263 16261 25213
734095 10267 16227 74339 16363 25412
734096 10267 16227 74339 16363 25412
734097 10267 16227 74339 16363 25408
734098 10267 16227 74339 16363 25408
734099 10267 16227 74864 16370 25408
734100 10267 15412 74725 16408 25408
734101 10267 15412 74727 16573 25408
734102 10267 15412 74749 16864 25410
734103 10267 15412 75082 16916 25410
734104 10267 15412 75082 16916 25410
734105 10267 15412 75082 16916 25409
734106 10267 15412 75081 16988 25409
734107 10267 15412 75091 16988 25505
734108 10267 15412 75217 16989 25505
734109 10267 15412 75218 17034 25583
734110 10267 15412 75260 17034 25705
734111 10267 15412 75260 17034 25705
734112 10267 15412 75260 17034 25705
734113 10267 15412 75260 17034 25705
734114 10267 15412 75266 17034 25705
734115 10267 15412 75266 17042 25705
734116 10267 15412 75314 17042 25729
734117 10267 15412 75314 17044 25729
734118 10267 15412 75314 17044 25729
734119 10267 15412 75314 17044 25729
734120 10267 15412 75332 17234 25729
734121 10267 15412 75332 17277 25729
734122 10267 15412 75346 17277 25736
734123 10267 15368 75377 17287 25736
734124 10267 15517 75172 17287 25736
734125 10267 15517 75172 17287 25736
734126 10267 15517 75172 17287 25736
734127 10267 15517 75181 17287 25753
734128 10267 15517 75185 17287 25753
734129 10267 15517 75163 17269 25753
734130 10267 15517 75163 17269 25753
734131 10267 15517 75163 17269 25753
734132 10267 15517 75163 17269 25753
734133 10267 15517 75163 17269 25753
734134 10267 15517 75163 17269 25753
734135 10267 15517 75163 17269 25753
734136 10267 15517 75163 17269 25753
734137 10267 15517 75163 17269 25753
734138 10267 15517 75163 17269 25753
734139 10267 15517 75163 17269 25753
734140 10267 15517 75163 17269 25753
734141 10267 15517 75163 17269 25754
734142 10267 15537 75172 17305 25754
734143 10267 15537 75183 17310 25754
734144 10267 15537 75215 17317 25754
734145 10267 15537 75244 17317 25754
734146 10267 15537 75253 17317 25754
734147 10267 15537 75312 17400 25754
734148 10267 15537 75312 17401 25754
734149 10267 15537 75433 17408 25754
734150 10267 15537 75439 17446 25754
734151 10267 15537 75564 18609 25754
734152 10267 15537 75564 18616 25778
734153 10267 15537 75564 18616 25778
734154 10267 15537 75564 18625 25778
734155 10267 15537 75955 18264 25772
734156 10267 15537 75955 18274 25772
